fn2 = [1 2 1; 2 4 2; 1 2 1] 
fn2 = fn2 * (1/16)