X = [1 2 -2; 0 -3 4; 7 3 0] 
Y = [1 0 -1; 2 3 -5; 1 3 5]

X.*Y